0.331999999285
0.336000001431
0.344000005722
0.352000004053
0.340000003576
0.344000005722
0.352000004053
0.348000001907
0.33599999845
0.308000004292
0.33599999547
0.343999999762
0.348000004888
0.312000006437
0.340000003576
0.328000003099
0.33599999249
0.312000000477
0.324000000954
0.288000005484
0.320000004768
0.319999998808
0.268000000715
0.276000002027
0.288000008464
0.247999998927
0.336000001431
0.351999998093
0.316000002623
0.352000004053
0.295999997854
0.251999998093
0.336000001431
0.236000001431
0.308000004292
0.267999994755
0.268000000715
0.271999999881
0.279999998212
0.320000004768
0.340000003576
0.343999999762
0.352000001073
0.324000000954
0.355999997258
0.347999998927
0.328000003099
0.351999998093
0.344000005722
0.36400000453
0.344000002742
0.344000002742
