0.396
0.0895899 0.124
0.143849 0.152
0.216404 0.16
0.307256 0.216
0.385489 0.224
0.459306 0.268
0.497161 0.288
0.521136 0.304
0.53123 0.308
0.552681 0.312
0.550158 0.32
0.549527 0.32
0.543849 0.328
0.536909 0.32
0.537539 0.328
0.53817 0.332
0.544479 0.34
0.55142 0.344
0.560883 0.336
0.5653 0.336
0.564669 0.34
0.564038 0.34
0.562145 0.344
0.557729 0.34
0.555205 0.328
0.550158 0.332
0.545741 0.332
0.540694 0.34
0.530599 0.34
0.528076 0.344
0.522397 0.34
0.513565 0.332
0.507255 0.332
0.512303 0.324
0.514826 0.328
0.519243 0.328
0.51735 0.328
0.521136 0.336
0.532492 0.344
0.543849 0.356
0.553943 0.372
0.564669 0.368
0.573502 0.368
0.573502 0.38
0.576656 0.376
0.577287 0.364
0.575394 0.344
0.572871 0.348
0.581703 0.344
0.598107 0.34
0.603786 0.336
0.60694 0.344
0.608833 0.348
0.611987 0.344
0.614511 0.34
0.610726 0.336
0.608833 0.336
0.607571 0.348
0.612618 0.348
0.610726 0.348
0.60694 0.352
0.603786 0.344
0.598738 0.34
0.595584 0.34
0.59306 0.324
0.593691 0.332
0.603786 0.336
0.608833 0.344
0.616404 0.356
0.616404 0.356
0.617666 0.352
0.618297 0.356
0.618297 0.352
0.620189 0.356
0.621451 0.36
0.623344 0.348
0.626498 0.344
0.627129 0.364
0.622082 0.36
0.628391 0.36
0.625867 0.36
0.62776 0.36
0.635331 0.36
0.630284 0.356
0.625867 0.364
0.626498 0.364
0.621451 0.364
0.62082 0.364
0.623344 0.356
0.627129 0.356
0.633438 0.36
0.638486 0.364
0.637224 0.36
0.642271 0.372
0.639748 0.38
0.639748 0.372
0.639748 0.376
0.640379 0.384
0.638486 0.38
0.634069 0.384
0.630284 0.384
0.632808 0.384
0.637855 0.38
0.635962 0.372
0.638486 0.372
0.645426 0.376
0.64858 0.364
0.650473 0.364
0.65489 0.368
0.654259 0.38
0.658675 0.38
0.657413 0.38
0.659306 0.376
0.658675 0.376
0.662461 0.376
0.664353 0.38
0.666246 0.38
0.665615 0.376
0.664984 0.368
0.662461 0.372
0.662461 0.368
0.664984 0.368
0.668139 0.372
0.66877 0.376
0.66877 0.376
0.671924 0.384
0.672555 0.372
0.674448 0.388
0.674448 0.384
0.673186 0.384
0.674448 0.384
0.674448 0.376
0.674448 0.376
0.670662 0.38
0.669401 0.376
0.667508 0.38
0.665615 0.38
0.664353 0.384
0.667508 0.376
0.670032 0.384
0.670032 0.38
0.670662 0.376
0.671924 0.368
0.671293 0.372
0.676972 0.368
0.684543 0.368
0.688959 0.38
0.688328 0.372
0.687697 0.376
0.688959 0.372
0.684543 0.372
0.685174 0.372
0.68959 0.38
0.690221 0.38
0.694637 0.368
0.692744 0.384
0.692744 0.388
0.695899 0.384
0.695268 0.384
0.695899 0.38
0.697792 0.376
0.700315 0.376
0.699054 0.376
0.699054 0.376
0.699685 0.388
0.699685 0.384
0.697161 0.384
0.697161 0.384
0.695899 0.384
0.69653 0.376
0.697161 0.38
0.699685 0.384
0.699685 0.384
0.701577 0.384
0.698423 0.388
0.704732 0.396
0.702208 0.388
0.704732 0.38
0.704101 0.38
0.705994 0.38
0.709779 0.388
0.707256 0.388
0.707256 0.38
0.707256 0.372
0.707886 0.376
0.711672 0.38
0.714196 0.388
0.714827 0.4
0.71735 0.396
0.724921 0.396
0.723028 0.396
0.72429 0.392
0.725552 0.392
0.72429 0.384
0.722397 0.38
0.725552 0.376
0.728076 0.38
0.723028 0.392
0.724921 0.384
0.72429 0.392
0.72429 0.392
0.719874 0.392
0.718612 0.384
0.717981 0.372
0.715457 0.376
0.716088 0.368
0.717981 0.364
0.719243 0.368
0.719243 0.376
0.72429 0.38
0.730599 0.38
0.736278 0.38
0.734385 0.388
0.727445 0.388
0.729968 0.392
0.735016 0.388
0.733123 0.384
0.736278 0.388
0.737539 0.388
0.740063 0.388
0.73817 0.404
0.734385 0.396
0.726814 0.4
0.728076 0.4
0.729338 0.4
0.737539 0.4
0.738801 0.4
0.742587 0.396
0.741325 0.38
0.738801 0.376
0.73817 0.376
0.742587 0.38
0.741956 0.384
0.743849 0.384
0.747634 0.388
0.74511 0.396
0.748265 0.392
0.750789 0.396
0.750158 0.388
0.748896 0.376
0.746372 0.388
0.74511 0.392
0.743849 0.396
0.745741 0.388
0.74511 0.392
0.746372 0.388
0.742587 0.392
0.741956 0.388
0.747634 0.384
0.757729 0.392
0.759621 0.392
0.7653 0.396
0.764038 0.384
0.760252 0.388
0.764038 0.384
0.762145 0.384
0.762145 0.38
0.763407 0.38
0.767192 0.384
0.771609 0.396
0.767823 0.388
0.768454 0.392
0.764669 0.396
0.766562 0.392
0.767192 0.4
0.769716 0.392
0.773502 0.404
0.774763 0.4
0.770978 0.388
0.77224 0.392
0.772871 0.392
0.770978 0.38
0.773502 0.388
0.775394 0.392
0.776656 0.388
0.779811 0.384
0.783596 0.388
0.782334 0.392
0.778549 0.384
0.776656 0.392
0.777918 0.388
0.779811 0.388
0.781073 0.392
0.782334 0.388
0.789905 0.4
0.790536 0.4
0.792429 0.4
0.790536 0.396
0.784858 0.4
0.784227 0.4
0.782334 0.392
0.786751 0.392
0.786751 0.388
0.785489 0.392
0.786751 0.4
0.788644 0.396
0.790536 0.404
0.789274 0.408
0.78612 0.412
0.789905 0.408
0.791167 0.396
0.794322 0.392
0.793691 0.396
0.793691 0.392
0.794322 0.384
0.796845 0.384
0.798738 0.38
0.798738 0.38
0.796215 0.38
0.798738 0.376
0.8 0.388
0.794953 0.388
0.793691 0.392
0.787382 0.396
0.78612 0.388
0.792429 0.384
0.79306 0.396
0.803786 0.384
0.805047 0.388
0.808833 0.396
