0.36
0.262461 0.18
0.27571 0.188
0.326183 0.18
0.323028 0.212
0.347634 0.212
0.382334 0.22
0.377287 0.26
0.406309 0.264
0.407571 0.248
0.397476 0.24
0.408833 0.236
0.394322 0.224
0.408833 0.244
0.401893 0.264
0.410095 0.252
0.418297 0.26
0.406309 0.256
0.390536 0.268
0.407571 0.268
0.383596 0.296
0.4 0.248
0.416404 0.256
0.394322 0.292
0.411356 0.268
0.401262 0.26
0.408202 0.24
0.392429 0.292
0.422713 0.268
0.422713 0.22
0.397476 0.276
0.418297 0.296
0.42082 0.264
0.405678 0.244
0.399369 0.244
0.406309 0.268
0.42082 0.276
0.408202 0.308
0.42082 0.26
0.433438 0.284
0.42776 0.272
0.439748 0.296
0.440379 0.256
0.453628 0.256
0.449211 0.26
0.439117 0.268
0.443533 0.244
0.44858 0.252
0.435962 0.28
0.442271 0.304
0.418297 0.244
0.432808 0.288
0.425237 0.256
0.431546 0.244
0.432808 0.284
0.422713 0.268
0.4347 0.276
0.415142 0.284
0.431546 0.276
0.408833 0.284
0.427129 0.264
0.432177 0.256
0.42776 0.272
0.436593 0.312
0.422713 0.28
0.421451 0.28
0.460568 0.288
0.447319 0.312
0.463091 0.328
0.46183 0.288
0.46183 0.312
0.468139 0.292
0.453628 0.292
0.457413 0.256
0.453628 0.236
0.467508 0.292
0.458044 0.304
0.483281 0.28
0.464984 0.26
0.483912 0.308
0.476341 0.288
0.461199 0.292
0.468139 0.32
0.46877 0.28
0.498423 0.3
0.479495 0.312
0.460568 0.284
0.488328 0.336
0.469401 0.296
0.474448 0.328
0.485173 0.312
0.499054 0.316
0.483912 0.292
0.491483 0.336
0.487066 0.288
0.478864 0.324
0.488959 0.308
0.494637 0.304
0.474448 0.308
0.462461 0.26
0.481388 0.28
0.476972 0.328
0.460568 0.332
0.464353 0.292
0.467508 0.32
0.476972 0.356
0.483912 0.284
0.473817 0.32
0.451104 0.324
0.486435 0.292
0.473186 0.292
0.487697 0.272
0.502839 0.288
0.490221 0.308
0.520505 0.312
0.507886 0.32
0.512934 0.332
0.526814 0.292
0.520505 0.324
0.528076 0.26
0.507255 0.312
0.51735 0.336
0.521767 0.348
0.512303 0.312
0.511672 0.316
0.51735 0.316
0.521136 0.332
0.508517 0.316
0.523659 0.348
0.506625 0.344
0.514826 0.348
0.509148 0.344
0.527445 0.368
0.505994 0.3
0.499685 0.316
0.493375 0.344
0.471924 0.356
0.490221 0.3
0.492114 0.336
0.474448 0.284
0.470662 0.34
0.474448 0.292
0.478864 0.34
0.461199 0.368
0.461199 0.28
0.48265 0.292
0.494006 0.336
0.511041 0.324
0.504101 0.332
0.505994 0.304
0.523659 0.288
0.521136 0.364
0.53123 0.356
0.53817 0.332
0.535016 0.316
0.526183 0.308
0.516719 0.336
0.508517 0.324
0.504101 0.376
0.497161 0.296
0.50347 0.312
0.488328 0.312
0.506625 0.352
0.502839 0.336
0.511041 0.316
0.507255 0.36
0.519874 0.348
0.500946 0.316
0.507255 0.336
0.522397 0.296
0.518612 0.352
0.523028 0.36
0.540063 0.328
0.521136 0.364
0.537539 0.364
0.543218 0.304
0.530599 0.356
0.514826 0.32
0.528076 0.32
0.518612 0.332
0.522397 0.308
0.539432 0.356
0.547634 0.34
0.540063 0.308
0.536278 0.316
0.55142 0.34
0.534385 0.32
0.525552 0.348
0.521136 0.344
0.529338 0.348
0.521767 0.344
0.528707 0.308
0.526183 0.368
0.541325 0.336
0.552681 0.348
0.533123 0.344
0.547003 0.332
0.553312 0.356
0.568454 0.328
0.540063 0.332
0.548896 0.34
0.526814 0.34
0.541325 0.336
0.553312 0.364
0.536909 0.364
0.547003 0.344
0.553943 0.32
0.525552 0.324
0.552681 0.336
0.530599 0.34
0.515457 0.332
0.511041 0.364
0.511672 0.32
0.526814 0.336
0.524921 0.36
0.516719 0.336
0.529338 0.304
0.534385 0.348
0.527445 0.304
0.526814 0.34
0.505994 0.36
0.536909 0.356
0.52429 0.336
0.509148 0.352
0.505363 0.388
0.533123 0.332
0.54511 0.336
0.532492 0.32
0.535647 0.364
0.554574 0.352
0.545741 0.372
0.55205 0.348
0.557729 0.332
0.543849 0.344
0.532492 0.38
0.553312 0.372
0.548265 0.348
0.554574 0.316
0.540694 0.324
0.533754 0.368
0.54511 0.34
0.523028 0.376
0.522397 0.32
0.543218 0.372
0.555205 0.304
0.559621 0.304
0.562776 0.364
0.569085 0.38
0.573502 0.348
0.568454 0.376
0.549527 0.368
0.563407 0.344
0.565931 0.36
0.52429 0.344
0.529968 0.396
0.540694 0.34
0.535016 0.38
0.525552 0.356
0.533754 0.3
0.547003 0.312
0.540694 0.38
0.538801 0.368
0.516719 0.36
0.537539 0.352
0.546372 0.308
0.573502 0.38
0.550158 0.396
0.559621 0.348
0.553312 0.356
0.581073 0.376
0.553312 0.364
0.582965 0.36
0.575394 0.368
0.558991 0.392
0.588013 0.344
0.576656 0.344
0.581703 0.376
0.590536 0.352
0.582334 0.376
0.580442 0.364
0.574763 0.324
0.575394 0.38
0.566562 0.348
0.55142 0.344
0.581073 0.344
0.580442 0.404
0.5653 0.392
0.560252 0.396
0.548896 0.376
0.559621 0.388
0.557729 0.348
0.569716 0.356
0.587382 0.368
0.575394 0.372
0.580442 0.396
0.576025 0.36
0.576025 0.368
0.570347 0.356
0.57918 0.368
0.562145 0.328
0.562145 0.368
0.55142 0.4
0.571609 0.356
0.540694 0.4
0.53817 0.34
0.557729 0.376
0.557098 0.38
0.5653 0.316
0.566562 0.38
0.570978 0.372
0.588644 0.36
0.584227 0.336
0.591167 0.384
0.569085 0.4
0.568454 0.324
0.573502 0.356
0.562145 0.376
0.567823 0.368
0.560252 0.376
0.582334 0.344
0.598107 0.392
