0.328
0.184227 0.184
0.225868 0.188
0.26877 0.208
0.324921 0.236
0.353312 0.252
0.388013 0.276
0.412618 0.28
0.430284 0.3
0.451735 0.296
0.485804 0.312
0.511041 0.312
0.527445 0.304
0.542587 0.308
0.553312 0.308
0.557098 0.308
0.565931 0.308
0.570347 0.308
0.572871 0.308
0.574133 0.308
0.574133 0.312
0.57224 0.312
0.570978 0.312
0.57224 0.312
0.569085 0.308
0.568454 0.308
0.565931 0.32
0.55836 0.32
0.55142 0.332
0.55205 0.324
0.550158 0.324
0.549527 0.328
0.55142 0.328
0.553312 0.328
0.557098 0.328
0.561514 0.332
0.567823 0.328
0.570978 0.324
0.578549 0.328
0.581073 0.332
0.585489 0.332
0.587382 0.332
0.592429 0.32
0.599369 0.324
0.601893 0.324
0.605047 0.32
0.60694 0.328
0.607571 0.332
0.608833 0.336
0.610095 0.34
0.610095 0.336
0.610726 0.34
0.611356 0.34
0.611356 0.34
0.611987 0.336
0.61388 0.336
0.612618 0.332
0.615773 0.332
0.616404 0.332
0.615773 0.332
0.615142 0.332
0.616404 0.332
0.616404 0.332
0.616404 0.332
0.615773 0.332
0.619558 0.332
0.621451 0.332
0.623975 0.332
0.627129 0.336
0.628391 0.336
0.630284 0.336
0.630284 0.336
0.630284 0.336
0.629653 0.336
0.628391 0.34
0.626498 0.34
0.625867 0.34
0.627129 0.344
0.627129 0.344
0.629653 0.344
0.629653 0.344
0.629653 0.34
0.630284 0.34
0.632177 0.344
0.633438 0.344
0.633438 0.344
0.6347 0.344
0.631546 0.348
0.630915 0.344
0.628391 0.344
0.629022 0.344
0.629653 0.344
0.630915 0.344
0.634069 0.344
0.6347 0.352
0.637855 0.352
0.637855 0.36
0.638486 0.36
0.639748 0.364
0.639117 0.364
0.640379 0.364
0.640379 0.364
0.641009 0.364
0.64164 0.368
0.64164 0.364
0.644795 0.364
0.645426 0.36
0.643533 0.36
0.643533 0.36
0.646057 0.36
0.646057 0.36
0.646688 0.36
0.646057 0.36
0.646688 0.36
0.647319 0.356
0.647319 0.356
0.64795 0.356
0.644164 0.36
0.646688 0.364
0.646057 0.364
0.649211 0.368
0.64795 0.372
0.649211 0.38
0.650473 0.38
0.651735 0.38
0.64858 0.376
0.650473 0.376
0.64795 0.372
0.651104 0.376
0.652997 0.376
0.651735 0.376
0.652366 0.372
0.652997 0.372
0.65489 0.372
0.65552 0.372
0.656151 0.372
0.656782 0.372
0.656151 0.376
0.654259 0.376
0.65489 0.372
0.656782 0.372
0.657413 0.372
0.658675 0.376
0.658675 0.372
0.658675 0.372
0.659937 0.368
0.659306 0.368
0.658044 0.368
0.659306 0.368
0.658675 0.368
0.661199 0.368
0.661199 0.368
0.662461 0.372
0.663722 0.372
0.66183 0.372
0.663722 0.376
0.663091 0.372
0.662461 0.372
0.662461 0.372
0.664984 0.372
0.664984 0.372
0.664353 0.372
0.665615 0.376
0.664984 0.376
0.668139 0.372
0.66877 0.372
0.668139 0.376
0.666877 0.376
0.668139 0.376
0.669401 0.376
0.670662 0.376
0.670662 0.376
0.671293 0.376
0.670032 0.38
0.672555 0.376
0.671924 0.38
0.671924 0.372
0.672555 0.372
0.672555 0.372
0.673186 0.372
0.673817 0.372
0.673817 0.372
0.673186 0.372
0.672555 0.376
0.673186 0.376
0.672555 0.376
0.673817 0.376
0.673817 0.376
0.672555 0.376
0.67571 0.372
0.678864 0.372
0.681388 0.372
0.68265 0.376
0.685174 0.384
0.68265 0.388
0.685804 0.384
0.684543 0.392
0.685174 0.384
0.685174 0.38
0.678864 0.38
0.674448 0.372
