0.228000003099
0.275999999046
0.276000002027
0.283999997377
0.328000003099
0.344000005722
0.339999994636
0.339999997616
0.339999991655
0.340000003576
0.336000001431
0.339999997616
0.336000001431
0.344000005722
0.344000005722
0.339999997616
0.348000007868
0.352000004053
0.352000007033
0.348000004888
0.339999997616
0.344000005722
0.336000001431
0.356000000238
0.340000009537
0.33599999547
0.331999999285
0.287999999523
0.295999994874
0.292000001669
0.336000001431
0.344000002742
0.328000003099
0.331999993324
0.336000001431
0.344000002742
0.343999999762
0.256000006199
0.340000003576
0.295999997854
0.343999996781
0.340000003576
0.344000002742
0.344000005722
