0.223999994993
0.343999999762
0.348000001907
0.344000005722
0.344000005722
0.343999999762
0.348000001907
0.327999997139
0.348000001907
0.372000002861
0.271999996901
0.304000002146
0.336000001431
0.275999999046
0.259999996424
0.319999998808
0.340000003576
0.327999994159
0.340000003576
0.348000001907
0.344000005722
0.344000005722
0.359999999404
0.323999997973
0.336000007391
0.336000001431
0.368000006676
0.343999996781
0.360000002384
0.343999996781
0.331999999285
0.284000000358
0.248000001907
0.280000001192
0.284000003338
0.323999994993
0.356000003219
0.311999994516
0.327999997139
0.352000001073
0.331999996305
0.340000003576
0.343999999762
0.343999999762
0.344000005722
0.339999997616
0.344000005722
0.332000002265
0.343999999762
0.331999999285
0.33599999845
0.344000005722
0.343999999762
0.343999999762
0.343999999762
0.331999999285
0.343999996781
0.343999999762
0.343999993801
0.343999996781
0.340000003576
0.340000006557
0.340000000596
0.343999999762
0.343999996781
0.344000005722
0.343999999762
0.343999999762
0.343999999762
0.344000005722
0.343999999762
0.344000005722
0.343999999762
0.344000005722
0.344000002742
0.343999996781
0.352000004053
0.344000002742
0.344000002742
0.343999999762
0.343999999762
0.360000002384
0.351999998093
0.344000005722
0.343999999762
0.343999999762
0.344000005722
0.348000001907
0.344000005722
0.343999999762
0.344000005722
0.343999999762
0.344000005722
0.344000005722
0.343999999762
0.344000005722
0.343999999762
0.343999999762
0.343999993801
0.344000005722
0.343999999762
0.344000005722
0.343999996781
0.343999999762
0.343999999762
0.343999999762
0.344000005722
0.343999999762
0.343999999762
0.344000005722
0.343999999762
0.343999993801
0.343999999762
0.344000005722
0.343999999762
0.344000005722
0.344000002742
0.343999999762
0.343999999762
0.343999996781
0.343999999762
0.344000005722
0.343999996781
0.343999999762
0.344000005722
0.343999999762
0.344000005722
0.344000005722
0.343999996781
0.343999996781
0.343999999762
0.344000005722
0.344000002742
0.344000005722
0.344000005722
0.343999999762
0.344000002742
0.343999999762
0.343999999762
0.344000005722
0.344000005722
0.343999993801
0.344000011683
0.343999999762
0.343999999762
0.344000005722
0.343999996781
0.344000002742
0.344000002742
0.343999999762
0.343999999762
0.343999999762
0.343999993801
0.344000002742
0.343999999762
0.344000005722
0.343999999762
0.343999999762
0.343999996781
0.344000005722
0.343999993801
0.343999999762
0.343999999762
0.344000002742
0.343999999762
0.344000002742
0.343999999762
0.343999996781
0.343999999762
0.344000005722
0.344000005722
0.344000002742
0.344000005722
0.343999999762
0.343999999762
0.344000002742
0.343999999762
0.344000002742
0.343999999762
0.344000005722
0.343999999762
0.343999999762
0.343999996781
0.344000005722
0.344000005722
0.343999999762
0.344000005722
0.344000005722
0.344000005722
