0.252000004053
0.340000003576
0.347999992967
0.348000007868
0.344000005722
0.347999992967
0.351999995112
0.340000000596
0.324000003934
0.348000001907
0.344000005722
0.344000011683
0.343999999762
0.336000001431
0.344000005722
0.348000001907
0.344000002742
0.344000002742
0.340000003576
0.340000003576
0.348000001907
0.343999993801
0.343999999762
0.344000005722
0.343999999762
0.343999999762
0.344000005722
0.343999993801
0.343999999762
0.343999999762
0.328000003099
0.344000005722
0.343999999762
0.343999996781
0.343999999762
0.339999997616
0.344000005722
0.344000005722
0.343999996781
0.343999999762
0.343999999762
0.344000005722
0.343999993801
